# relative_time, cycles_done, cur_item, corpus_count, pending_total, pending_favs, map_size, saved_crashes, saved_hangs, max_depth, execs_per_sec, total_execs, edges_found
63, 0, 0, 4, 1, 0, 0.00%, 0, 0, 2, 172.86, 9591, 10
68, 0, 0, 4, 1, 0, 0.00%, 0, 0, 2, 193.44, 10614, 10
73, 0, 0, 4, 1, 0, 0.00%, 0, 0, 2, 198.21, 11642, 10
78, 0, 0, 4, 1, 0, 0.00%, 0, 0, 2, 197.98, 12677, 10
83, 0, 0, 4, 1, 0, 0.00%, 0, 0, 2, 192.36, 13634, 10
89, 0, 0, 4, 1, 0, 0.00%, 0, 0, 2, 201.01, 14691, 10
94, 0, 0, 4, 1, 0, 0.00%, 0, 0, 2, 199.47, 15724, 10
99, 0, 0, 4, 1, 0, 0.00%, 0, 0, 2, 201.96, 16739, 10
104, 0, 0, 4, 1, 0, 0.00%, 0, 0, 2, 203.09, 17795, 10
109, 0, 0, 4, 1, 0, 0.00%, 0, 0, 2, 204.50, 18815, 10
114, 0, 0, 4, 1, 0, 0.00%, 0, 0, 2, 203.32, 19831, 10
119, 0, 0, 4, 1, 0, 0.00%, 0, 0, 2, 203.86, 20887, 10
124, 1, 0, 4, 1, 0, 0.00%, 0, 0, 2, 200.64, 21927, 10
129, 1, 0, 4, 1, 0, 0.00%, 0, 0, 2, 201.63, 22947, 10
135, 1, 0, 4, 1, 0, 0.00%, 0, 0, 2, 191.92, 23927, 10
140, 1, 0, 4, 1, 0, 0.00%, 0, 0, 2, 183.56, 24827, 10
145, 1, 0, 4, 1, 0, 0.00%, 0, 0, 2, 185.10, 25792, 10
150, 1, 0, 4, 1, 0, 0.00%, 0, 0, 2, 187.69, 26755, 10
155, 1, 0, 4, 1, 0, 0.00%, 0, 0, 2, 188.89, 27739, 10
160, 1, 0, 4, 1, 0, 0.00%, 0, 0, 2, 186.05, 28696, 10
165, 1, 0, 4, 1, 0, 0.00%, 0, 0, 2, 192.49, 29694, 10
170, 1, 0, 4, 1, 0, 0.00%, 0, 0, 2, 194.41, 30669, 10
175, 1, 0, 4, 1, 0, 0.00%, 0, 0, 2, 191.07, 31617, 10
180, 1, 0, 4, 1, 0, 0.00%, 0, 0, 2, 195.54, 32589, 10
186, 1, 0, 4, 1, 0, 0.00%, 0, 0, 2, 193.01, 33593, 10
191, 1, 0, 4, 1, 0, 0.00%, 0, 0, 2, 193.77, 34589, 10
196, 1, 0, 4, 1, 0, 0.00%, 0, 0, 2, 185.61, 35540, 10
201, 1, 0, 4, 1, 0, 0.00%, 0, 0, 2, 190.95, 36541, 10
206, 1, 0, 4, 1, 0, 0.00%, 0, 0, 2, 192.73, 37516, 10
211, 1, 0, 4, 1, 0, 0.00%, 0, 0, 2, 192.18, 38509, 10
216, 1, 0, 4, 1, 0, 0.00%, 0, 0, 2, 191.13, 39472, 10
222, 1, 0, 4, 1, 0, 0.00%, 0, 0, 2, 194.65, 40479, 10
227, 1, 0, 4, 1, 0, 0.00%, 0, 0, 2, 194.79, 41484, 10
232, 1, 0, 4, 1, 0, 0.00%, 0, 0, 2, 191.25, 42435, 10
237, 1, 0, 4, 1, 0, 0.00%, 0, 0, 2, 198.97, 43475, 10
242, 2, 0, 4, 1, 0, 0.00%, 0, 0, 2, 201.03, 44527, 10
247, 2, 0, 4, 1, 0, 0.00%, 0, 0, 2, 200.22, 45535, 10
252, 2, 0, 4, 1, 0, 0.00%, 0, 0, 2, 192.04, 46496, 10
257, 2, 0, 4, 1, 0, 0.00%, 0, 0, 2, 197.57, 47485, 10
262, 2, 0, 4, 1, 0, 0.00%, 0, 0, 2, 201.52, 48495, 10
267, 2, 0, 4, 1, 0, 0.00%, 0, 0, 2, 202.37, 49547, 10
272, 2, 0, 4, 1, 0, 0.00%, 0, 0, 2, 199.36, 50533, 10
278, 2, 0, 4, 1, 0, 0.00%, 0, 0, 2, 201.86, 51551, 10
283, 2, 0, 4, 1, 0, 0.00%, 0, 0, 2, 202.92, 52567, 10
288, 2, 0, 4, 1, 0, 0.00%, 0, 0, 2, 202.60, 53619, 10
293, 2, 0, 5, 2, 0, 0.00%, 0, 0, 2, 28.62, 54538, 12
299, 2, 0, 5, 1, 0, 0.00%, 0, 0, 2, 187.44, 55500, 12
304, 2, 0, 5, 1, 0, 0.00%, 0, 0, 2, 196.16, 56493, 12
309, 2, 0, 5, 1, 0, 0.00%, 0, 0, 2, 198.74, 57492, 12
314, 2, 0, 5, 1, 0, 0.00%, 0, 0, 2, 197.97, 58481, 12
319, 2, 0, 5, 1, 0, 0.00%, 0, 0, 2, 194.25, 59489, 12
324, 2, 0, 5, 1, 0, 0.00%, 0, 0, 2, 193.13, 60482, 12
329, 2, 0, 5, 1, 0, 0.00%, 0, 0, 2, 94.51, 61382, 12
334, 2, 0, 5, 1, 0, 0.00%, 0, 0, 2, 179.85, 62404, 12
339, 2, 0, 5, 1, 0, 0.00%, 0, 0, 2, 193.28, 63424, 12
345, 2, 0, 5, 1, 0, 0.00%, 0, 0, 2, 199.35, 64471, 12
350, 2, 0, 5, 1, 0, 0.00%, 0, 0, 2, 200.64, 65520, 12
355, 2, 0, 5, 1, 0, 0.00%, 0, 0, 2, 202.29, 66572, 12
407, 2, 0, 5, 1, 0, 0.00%, 0, 0, 2, 0.89, 66988, 12
412, 2, 0, 5, 1, 0, 0.00%, 0, 0, 2, 166.78, 67812, 12
417, 2, 0, 5, 1, 0, 0.00%, 0, 0, 2, 190.59, 68781, 12
437, 3, 0, 5, 1, 0, 0.00%, 0, 0, 2, 1.30, 69707, 12
442, 3, 0, 5, 1, 0, 0.00%, 0, 0, 2, 194.55, 70697, 12
448, 3, 0, 5, 1, 0, 0.00%, 0, 0, 2, 201.24, 71748, 12
539, 3, 0, 5, 1, 0, 0.00%, 0, 0, 2, 0.31, 72068, 12
544, 3, 0, 5, 1, 0, 0.00%, 0, 0, 2, 153.80, 72874, 12
629, 3, 0, 5, 1, 0, 0.00%, 0, 0, 2, 0.18, 73351, 12
635, 3, 0, 5, 1, 0, 0.00%, 0, 0, 2, 113.49, 74200, 12
640, 3, 0, 5, 1, 0, 0.00%, 0, 0, 2, 174.47, 75187, 12
688, 3, 0, 5, 1, 0, 0.00%, 0, 0, 2, 0.06, 75313, 12
694, 3, 0, 5, 1, 0, 0.00%, 0, 0, 2, 178.38, 76192, 12
699, 3, 0, 5, 1, 0, 0.00%, 0, 0, 2, 193.27, 77178, 12
723, 3, 0, 5, 1, 0, 0.00%, 0, 0, 2, 0.90, 77325, 12
728, 3, 0, 5, 1, 0, 0.00%, 0, 0, 2, 189.25, 78270, 12
733, 3, 0, 5, 1, 0, 0.00%, 0, 0, 2, 191.94, 79245, 12
743, 3, 4, 5, 1, 0, 0.00%, 0, 0, 2, 3.59, 80000, 12
756, 3, 4, 5, 1, 0, 0.00%, 0, 0, 2, 0.35, 80726, 12
761, 3, 4, 5, 1, 0, 0.00%, 0, 0, 2, 157.68, 81494, 12
766, 3, 4, 5, 1, 0, 0.00%, 0, 0, 2, 186.57, 82499, 12
862, 3, 4, 5, 1, 0, 0.00%, 0, 0, 2, 0.13, 82685, 12
867, 3, 4, 5, 1, 0, 0.00%, 0, 0, 2, 155.50, 83309, 12
872, 3, 0, 5, 1, 0, 0.00%, 0, 0, 2, 230.85, 84594, 12
877, 3, 0, 5, 1, 0, 0.00%, 0, 0, 2, 247.10, 85858, 12
998, 3, 0, 5, 1, 0, 0.00%, 0, 0, 2, 0.25, 86102, 12
1003, 3, 0, 5, 1, 0, 0.00%, 0, 0, 2, 225.42, 87310, 12
1008, 3, 0, 5, 1, 0, 0.00%, 0, 0, 2, 177.85, 88136, 12
1013, 3, 0, 5, 1, 0, 0.00%, 0, 0, 2, 195.45, 89126, 12
1018, 3, 0, 5, 1, 0, 0.00%, 0, 0, 2, 195.74, 90134, 12
1023, 3, 0, 5, 1, 0, 0.00%, 0, 0, 2, 187.84, 91057, 12
1028, 3, 0, 5, 1, 0, 0.00%, 0, 0, 2, 193.78, 92014, 12
1033, 3, 0, 5, 1, 0, 0.00%, 0, 0, 2, 187.67, 92989, 12
1038, 3, 0, 5, 1, 0, 0.00%, 0, 0, 2, 187.27, 93970, 12
1044, 4, 0, 5, 1, 0, 0.00%, 0, 0, 2, 188.91, 94950, 12
1049, 4, 0, 5, 1, 0, 0.00%, 0, 0, 2, 193.63, 95946, 12
1054, 4, 0, 5, 1, 0, 0.00%, 0, 0, 2, 193.98, 96945, 12
1059, 4, 0, 5, 1, 0, 0.00%, 0, 0, 2, 195.52, 97959, 12
1064, 4, 0, 5, 1, 0, 0.00%, 0, 0, 2, 191.64, 98930, 12
1069, 4, 0, 5, 1, 0, 0.00%, 0, 0, 2, 196.95, 99956, 12
1075, 4, 0, 5, 1, 0, 0.00%, 0, 0, 2, 196.58, 100979, 12
1080, 4, 0, 5, 1, 0, 0.00%, 0, 0, 2, 188.61, 101944, 12
1085, 4, 0, 5, 1, 0, 0.00%, 0, 0, 2, 194.05, 102949, 12
1090, 4, 0, 5, 1, 0, 0.00%, 0, 0, 2, 194.32, 103942, 12
1095, 4, 0, 5, 1, 0, 0.00%, 0, 0, 2, 198.87, 104935, 12
1100, 4, 0, 5, 1, 0, 0.00%, 0, 0, 2, 202.08, 105978, 12
1105, 4, 0, 5, 1, 0, 0.00%, 0, 0, 2, 199.00, 106968, 12
1110, 4, 0, 5, 1, 0, 0.00%, 0, 0, 2, 198.37, 107961, 12
1116, 4, 0, 5, 1, 0, 0.00%, 0, 0, 2, 197.17, 108978, 12
1121, 4, 0, 5, 1, 0, 0.00%, 0, 0, 2, 200.09, 110014, 12
1126, 4, 0, 5, 1, 0, 0.00%, 0, 0, 2, 202.40, 111070, 12
1131, 4, 0, 5, 1, 0, 0.00%, 0, 0, 2, 201.39, 112082, 12
1136, 4, 0, 5, 1, 0, 0.00%, 0, 0, 2, 200.72, 113090, 12
1141, 4, 0, 5, 1, 0, 0.00%, 0, 0, 2, 200.77, 114106, 12
1146, 4, 0, 5, 1, 0, 0.00%, 0, 0, 2, 202.03, 115162, 12
1151, 4, 0, 5, 1, 0, 0.00%, 0, 0, 2, 201.44, 116174, 12
1156, 4, 0, 5, 1, 0, 0.00%, 0, 0, 2, 200.81, 117190, 12
1161, 4, 0, 5, 1, 0, 0.00%, 0, 0, 2, 202.00, 118238, 12
1166, 4, 0, 5, 1, 0, 0.00%, 0, 0, 2, 200.51, 119244, 12
1172, 5, 0, 5, 1, 0, 0.00%, 0, 0, 2, 199.75, 120269, 12
1177, 5, 0, 5, 1, 0, 0.00%, 0, 0, 2, 198.38, 121298, 12
1182, 5, 0, 5, 1, 0, 0.00%, 0, 0, 2, 201.29, 122350, 12
1187, 5, 0, 5, 1, 0, 0.00%, 0, 0, 2, 200.57, 123366, 12
1192, 5, 0, 5, 1, 0, 0.00%, 0, 0, 2, 197.42, 124358, 12
1197, 5, 0, 5, 1, 0, 0.00%, 0, 0, 2, 199.77, 125398, 12
1202, 5, 0, 5, 1, 0, 0.00%, 0, 0, 2, 200.77, 126438, 12
1207, 5, 0, 5, 1, 0, 0.00%, 0, 0, 2, 201.45, 127446, 12
1212, 5, 0, 5, 1, 0, 0.00%, 0, 0, 2, 199.78, 128454, 12
1218, 5, 0, 5, 1, 0, 0.00%, 0, 0, 2, 195.10, 129456, 12
1223, 5, 0, 5, 1, 0, 0.00%, 0, 0, 2, 200.88, 130490, 12
1228, 5, 0, 5, 1, 0, 0.00%, 0, 0, 2, 202.93, 131514, 12
1233, 5, 0, 5, 1, 0, 0.00%, 0, 0, 2, 203.01, 132566, 12
1238, 5, 0, 5, 1, 0, 0.00%, 0, 0, 2, 202.63, 133582, 12
1243, 5, 0, 5, 1, 0, 0.00%, 0, 0, 2, 201.54, 134586, 12
1248, 5, 0, 5, 1, 0, 0.00%, 0, 0, 2, 200.75, 135626, 12
1253, 5, 0, 5, 1, 0, 0.00%, 0, 0, 2, 193.66, 136621, 12
1258, 5, 0, 5, 1, 0, 0.00%, 0, 0, 2, 197.37, 137614, 12
1263, 5, 0, 5, 1, 0, 0.00%, 0, 0, 2, 201.04, 138630, 12
1269, 5, 0, 5, 1, 0, 0.00%, 0, 0, 2, 196.21, 139647, 12
1274, 5, 0, 5, 1, 0, 0.00%, 0, 0, 2, 195.45, 140658, 12
1279, 5, 0, 5, 1, 0, 0.00%, 0, 0, 2, 183.33, 141603, 12
1284, 5, 4, 5, 1, 0, 0.00%, 0, 0, 2, 191.81, 142595, 12
1289, 5, 4, 5, 1, 0, 0.00%, 0, 0, 2, 193.21, 143597, 12
1295, 5, 4, 5, 1, 0, 0.00%, 0, 0, 2, 198.63, 144629, 12
1300, 6, 0, 5, 1, 0, 0.00%, 0, 0, 2, 189.76, 145617, 12
1305, 6, 0, 5, 1, 0, 0.00%, 0, 0, 2, 191.83, 146604, 12
1310, 6, 0, 5, 1, 0, 0.00%, 0, 0, 2, 192.43, 147600, 12
1315, 6, 0, 5, 1, 0, 0.00%, 0, 0, 2, 190.99, 148575, 12
1321, 6, 0, 5, 1, 0, 0.00%, 0, 0, 2, 190.58, 149567, 12
1326, 6, 0, 5, 1, 0, 0.00%, 0, 0, 2, 188.78, 150557, 12
1331, 6, 0, 5, 1, 0, 0.00%, 0, 0, 2, 182.24, 151490, 12
1336, 6, 0, 5, 1, 0, 0.00%, 0, 0, 2, 186.99, 152432, 12
1341, 6, 0, 5, 1, 0, 0.00%, 0, 0, 2, 191.35, 153421, 12
1346, 6, 0, 5, 1, 0, 0.00%, 0, 0, 2, 186.46, 154333, 12
1351, 6, 0, 5, 1, 0, 0.00%, 0, 0, 2, 189.28, 155314, 12
1356, 6, 0, 5, 1, 0, 0.00%, 0, 0, 2, 194.91, 156324, 12
1361, 6, 0, 5, 1, 0, 0.00%, 0, 0, 2, 192.90, 157287, 12
1366, 6, 0, 5, 1, 0, 0.00%, 0, 0, 2, 195.97, 158301, 12
1372, 6, 0, 5, 1, 0, 0.00%, 0, 0, 2, 195.42, 159309, 12
1377, 6, 0, 5, 1, 0, 0.00%, 0, 0, 2, 192.15, 160304, 12
1382, 6, 0, 5, 1, 0, 0.00%, 0, 0, 2, 192.33, 161279, 12
1387, 6, 0, 5, 1, 0, 0.00%, 0, 0, 2, 190.37, 162245, 12
1392, 6, 0, 5, 1, 0, 0.00%, 0, 0, 2, 192.44, 163241, 12
1397, 6, 0, 5, 1, 0, 0.00%, 0, 0, 2, 194.33, 164248, 12
1402, 6, 0, 5, 1, 0, 0.00%, 0, 0, 2, 173.96, 165031, 12
1408, 6, 0, 5, 1, 0, 0.00%, 0, 0, 2, 189.84, 166027, 12
1413, 6, 0, 5, 1, 0, 0.00%, 0, 0, 2, 194.33, 167035, 12
1418, 6, 0, 5, 1, 0, 0.00%, 0, 0, 2, 196.97, 168063, 12
1423, 6, 0, 5, 1, 0, 0.00%, 0, 0, 2, 193.64, 169062, 12
1428, 6, 0, 5, 1, 0, 0.00%, 0, 0, 2, 185.96, 170028, 12
1433, 7, 0, 5, 1, 0, 0.00%, 0, 0, 2, 197.63, 171059, 12
1439, 7, 0, 5, 1, 0, 0.00%, 0, 0, 2, 191.50, 172049, 12
1444, 7, 0, 5, 1, 0, 0.00%, 0, 0, 2, 192.97, 173003, 12
1449, 7, 0, 5, 1, 0, 0.00%, 0, 0, 2, 197.05, 174032, 12
1454, 7, 0, 5, 1, 0, 0.00%, 0, 0, 2, 191.52, 175024, 12
1459, 7, 0, 5, 1, 0, 0.00%, 0, 0, 2, 189.46, 176011, 12
1464, 7, 0, 5, 1, 0, 0.00%, 0, 0, 2, 196.28, 177028, 12
1470, 7, 0, 5, 1, 0, 0.00%, 0, 0, 2, 191.88, 178035, 12
1475, 7, 0, 5, 1, 0, 0.00%, 0, 0, 2, 197.62, 179055, 12
1480, 7, 0, 5, 1, 0, 0.00%, 0, 0, 2, 195.83, 180060, 12
1485, 7, 0, 5, 1, 0, 0.00%, 0, 0, 2, 200.00, 181089, 12
1490, 7, 0, 5, 1, 0, 0.00%, 0, 0, 2, 195.38, 182096, 12
1495, 7, 0, 5, 1, 0, 0.00%, 0, 0, 2, 198.68, 183125, 12
1501, 7, 0, 5, 1, 0, 0.00%, 0, 0, 2, 199.50, 184154, 12
1506, 7, 0, 5, 1, 0, 0.00%, 0, 0, 2, 199.75, 185156, 12
1511, 7, 0, 5, 1, 0, 0.00%, 0, 0, 2, 194.45, 186157, 12
1516, 7, 0, 5, 1, 0, 0.00%, 0, 0, 2, 196.38, 187168, 12
1521, 7, 0, 5, 1, 0, 0.00%, 0, 0, 2, 186.85, 188125, 12
1526, 7, 0, 5, 1, 0, 0.00%, 0, 0, 2, 196.93, 189141, 12
1531, 7, 0, 5, 1, 0, 0.00%, 0, 0, 2, 194.70, 190140, 12
1536, 7, 0, 5, 1, 0, 0.00%, 0, 0, 2, 194.58, 191115, 12
1542, 7, 0, 5, 1, 0, 0.00%, 0, 0, 2, 194.04, 192120, 12
1547, 7, 0, 5, 1, 0, 0.00%, 0, 0, 2, 194.73, 193133, 12
1552, 7, 0, 5, 1, 0, 0.00%, 0, 0, 2, 199.25, 194165, 12
1557, 7, 0, 5, 1, 0, 0.00%, 0, 0, 2, 199.58, 195173, 12
1562, 7, 0, 5, 1, 0, 0.00%, 0, 0, 2, 201.19, 196194, 12
1567, 8, 0, 5, 1, 0, 0.00%, 0, 0, 2, 194.36, 197203, 12
1572, 8, 0, 5, 1, 0, 0.00%, 0, 0, 2, 195.64, 198205, 12
1578, 8, 0, 5, 1, 0, 0.00%, 0, 0, 2, 192.97, 199204, 12
1583, 8, 0, 5, 1, 0, 0.00%, 0, 0, 2, 193.31, 200202, 12
1588, 8, 0, 5, 1, 0, 0.00%, 0, 0, 2, 201.07, 201220, 12
1593, 8, 0, 5, 1, 0, 0.00%, 0, 0, 2, 202.37, 202276, 12
1598, 8, 0, 5, 1, 0, 0.00%, 0, 0, 2, 199.44, 203280, 12
1603, 8, 0, 5, 1, 0, 0.00%, 0, 0, 2, 201.60, 204328, 12
1608, 8, 0, 5, 1, 0, 0.00%, 0, 0, 2, 195.80, 205313, 12
1613, 8, 0, 5, 1, 0, 0.00%, 0, 0, 2, 199.86, 206309, 12
1618, 8, 0, 5, 1, 0, 0.00%, 0, 0, 2, 199.13, 207313, 12
1623, 8, 0, 5, 1, 0, 0.00%, 0, 0, 2, 202.28, 208332, 12
1628, 8, 0, 5, 1, 0, 0.00%, 0, 0, 2, 197.97, 209326, 12
1633, 8, 0, 5, 1, 0, 0.00%, 0, 0, 2, 199.97, 210358, 12
1639, 8, 0, 5, 1, 0, 0.00%, 0, 0, 2, 201.35, 211372, 12
1644, 8, 0, 5, 1, 0, 0.00%, 0, 0, 2, 199.47, 212397, 12
1649, 8, 0, 5, 1, 0, 0.00%, 0, 0, 2, 192.98, 213387, 12
1654, 8, 0, 5, 1, 0, 0.00%, 0, 0, 2, 192.00, 214346, 12
1659, 8, 0, 5, 1, 0, 0.00%, 0, 0, 2, 192.72, 215363, 12
1664, 8, 0, 5, 1, 0, 0.00%, 0, 0, 2, 180.42, 216266, 12
1669, 8, 0, 5, 1, 0, 0.00%, 0, 0, 2, 187.14, 217247, 12
1675, 8, 0, 5, 1, 0, 0.00%, 0, 0, 2, 193.71, 218257, 12
1680, 8, 0, 5, 1, 0, 0.00%, 0, 0, 2, 194.30, 219259, 12
1685, 8, 0, 5, 1, 0, 0.00%, 0, 0, 2, 192.86, 220267, 12
1690, 8, 0, 5, 1, 0, 0.00%, 0, 0, 2, 180.08, 221209, 12
1695, 9, 0, 5, 1, 0, 0.00%, 0, 0, 2, 184.96, 222180, 12
1700, 9, 0, 5, 1, 0, 0.00%, 0, 0, 2, 184.81, 223104, 12
1706, 9, 0, 5, 1, 0, 0.00%, 0, 0, 2, 188.05, 224091, 12
1711, 9, 0, 5, 1, 0, 0.00%, 0, 0, 2, 179.07, 224982, 12
1716, 9, 0, 5, 1, 0, 0.00%, 0, 0, 2, 186.69, 225941, 12
1721, 9, 0, 5, 1, 0, 0.00%, 0, 0, 2, 184.49, 226889, 12
1726, 9, 0, 5, 1, 0, 0.00%, 0, 0, 2, 189.85, 227849, 12
1731, 9, 0, 5, 1, 0, 0.00%, 0, 0, 2, 190.85, 228833, 12
1736, 9, 0, 5, 1, 0, 0.00%, 0, 0, 2, 192.53, 229828, 12
1742, 9, 0, 5, 1, 0, 0.00%, 0, 0, 2, 195.45, 230863, 12
1747, 9, 0, 5, 1, 0, 0.00%, 0, 0, 2, 190.66, 231856, 12
1752, 9, 0, 5, 1, 0, 0.00%, 0, 0, 2, 187.32, 232797, 12
1757, 9, 0, 5, 1, 0, 0.00%, 0, 0, 2, 192.68, 233793, 12
1762, 9, 0, 5, 1, 0, 0.00%, 0, 0, 2, 187.06, 234723, 12
1767, 9, 0, 5, 1, 0, 0.00%, 0, 0, 2, 193.86, 235734, 12
1772, 9, 0, 5, 1, 0, 0.00%, 0, 0, 2, 194.38, 236744, 12
1778, 9, 0, 5, 1, 0, 0.00%, 0, 0, 2, 196.07, 237758, 12
1783, 9, 0, 5, 1, 0, 0.00%, 0, 0, 2, 195.46, 238748, 12
1788, 9, 0, 5, 1, 0, 0.00%, 0, 0, 2, 199.36, 239791, 12
1793, 9, 0, 5, 1, 0, 0.00%, 0, 0, 2, 198.15, 240817, 12
1798, 9, 0, 5, 1, 0, 0.00%, 0, 0, 2, 194.94, 241825, 12
1803, 9, 0, 5, 1, 0, 0.00%, 0, 0, 2, 201.07, 242872, 12
1808, 9, 0, 5, 1, 0, 0.00%, 0, 0, 2, 202.64, 243884, 12
1814, 9, 0, 5, 1, 0, 0.00%, 0, 0, 2, 201.63, 244932, 12
1819, 9, 0, 5, 1, 0, 0.00%, 0, 0, 2, 199.62, 245936, 12
1824, 9, 0, 5, 1, 0, 0.00%, 0, 0, 2, 200.47, 246948, 12
1829, 10, 0, 5, 1, 0, 0.00%, 0, 0, 2, 197.74, 247943, 12
1834, 10, 0, 5, 1, 0, 0.00%, 0, 0, 2, 201.48, 248964, 12
1839, 10, 0, 5, 1, 0, 0.00%, 0, 0, 2, 202.36, 249984, 12
1844, 10, 0, 5, 1, 0, 0.00%, 0, 0, 2, 202.44, 251004, 12
1849, 10, 0, 5, 1, 0, 0.00%, 0, 0, 2, 202.34, 252020, 12
1854, 10, 0, 5, 1, 0, 0.00%, 0, 0, 2, 201.08, 253040, 12
1859, 10, 0, 5, 1, 0, 0.00%, 0, 0, 2, 200.99, 254052, 12
1864, 10, 0, 5, 1, 0, 0.00%, 0, 0, 2, 202.77, 255112, 12
1869, 10, 0, 5, 1, 0, 0.00%, 0, 0, 2, 202.01, 256164, 12
1874, 10, 0, 5, 1, 0, 0.00%, 0, 0, 2, 202.89, 257216, 12
1879, 10, 0, 5, 1, 0, 0.00%, 0, 0, 2, 200.96, 258220, 12
1884, 10, 0, 5, 1, 0, 0.00%, 0, 0, 2, 183.75, 259130, 12
1890, 10, 0, 5, 1, 0, 0.00%, 0, 0, 2, 190.03, 260126, 12
1895, 10, 0, 5, 1, 0, 0.00%, 0, 0, 2, 188.43, 261104, 12
1900, 10, 0, 5, 1, 0, 0.00%, 0, 0, 2, 190.80, 262060, 12
1905, 10, 0, 5, 1, 0, 0.00%, 0, 0, 2, 189.87, 263005, 12
1910, 10, 0, 5, 1, 0, 0.00%, 0, 0, 2, 189.52, 263986, 12
1915, 10, 0, 5, 1, 0, 0.00%, 0, 0, 2, 178.07, 264916, 12
1920, 10, 0, 5, 1, 0, 0.00%, 0, 0, 2, 158.17, 265692, 12
1925, 10, 0, 5, 1, 0, 0.00%, 0, 0, 2, 183.14, 266646, 12
1931, 10, 0, 5, 1, 0, 0.00%, 0, 0, 2, 182.82, 267612, 12
1936, 10, 0, 5, 1, 0, 0.00%, 0, 0, 2, 182.98, 268494, 12
1941, 10, 0, 5, 1, 0, 0.00%, 0, 0, 2, 195.05, 269519, 12
1946, 10, 0, 5, 1, 0, 0.00%, 0, 0, 2, 198.26, 270542, 12
1951, 10, 0, 5, 1, 0, 0.00%, 0, 0, 2, 192.74, 271538, 12
1956, 11, 0, 5, 1, 0, 0.00%, 0, 0, 2, 184.53, 272494, 12
1962, 11, 0, 5, 1, 0, 0.00%, 0, 0, 2, 160.37, 273334, 12
1967, 11, 0, 5, 1, 0, 0.00%, 0, 0, 2, 153.26, 274102, 12
1972, 11, 0, 5, 1, 0, 0.00%, 0, 0, 2, 152.92, 274909, 12
1977, 11, 0, 5, 1, 0, 0.00%, 0, 0, 2, 155.53, 275707, 12
1988, 11, 3, 5, 1, 0, 0.00%, 0, 0, 2, 2.01, 276108, 12
1993, 11, 3, 5, 1, 0, 0.00%, 0, 0, 2, 180.67, 277065, 12
1998, 11, 3, 5, 1, 0, 0.00%, 0, 0, 2, 190.79, 278061, 12
2004, 11, 3, 5, 1, 0, 0.00%, 0, 0, 2, 189.24, 279048, 12
2009, 11, 0, 5, 1, 0, 0.00%, 0, 0, 2, 186.92, 279989, 12
2014, 11, 0, 5, 1, 0, 0.00%, 0, 0, 2, 196.36, 281015, 12
2019, 11, 0, 5, 1, 0, 0.00%, 0, 0, 2, 188.76, 281999, 12
2024, 11, 0, 5, 1, 0, 0.00%, 0, 0, 2, 198.05, 283022, 12
2029, 11, 0, 5, 1, 0, 0.00%, 0, 0, 2, 197.47, 284041, 12
2035, 11, 0, 5, 1, 0, 0.00%, 0, 0, 2, 195.58, 285049, 12
2040, 11, 0, 5, 1, 0, 0.00%, 0, 0, 2, 184.93, 286018, 12
2045, 11, 0, 5, 1, 0, 0.00%, 0, 0, 2, 182.83, 286942, 12
2050, 11, 0, 5, 1, 0, 0.00%, 0, 0, 2, 189.50, 287934, 12
2055, 11, 0, 5, 1, 0, 0.00%, 0, 0, 2, 187.93, 288882, 12
2060, 11, 0, 5, 1, 0, 0.00%, 0, 0, 2, 191.71, 289881, 12
2065, 11, 0, 5, 1, 0, 0.00%, 0, 0, 2, 198.05, 290909, 12
2070, 11, 0, 5, 1, 0, 0.00%, 0, 0, 2, 198.09, 291938, 12
2076, 11, 0, 5, 1, 0, 0.00%, 0, 0, 2, 197.35, 292946, 12
2081, 11, 0, 5, 1, 0, 0.00%, 0, 0, 2, 197.11, 293975, 12
2086, 11, 0, 5, 1, 0, 0.00%, 0, 0, 2, 199.24, 295012, 12
2091, 11, 0, 5, 1, 0, 0.00%, 0, 0, 2, 192.54, 296020, 12
2096, 11, 0, 5, 1, 0, 0.00%, 0, 0, 2, 191.82, 296995, 12
2102, 12, 0, 5, 1, 0, 0.00%, 0, 0, 2, 193.90, 298008, 12
2107, 12, 0, 5, 1, 0, 0.00%, 0, 0, 2, 188.40, 298986, 12
2112, 12, 0, 5, 1, 0, 0.00%, 0, 0, 2, 193.64, 299991, 12
2117, 12, 0, 5, 1, 0, 0.00%, 0, 0, 2, 194.78, 300966, 12
2122, 12, 0, 5, 1, 0, 0.00%, 0, 0, 2, 191.54, 301964, 12
2127, 12, 0, 5, 1, 0, 0.00%, 0, 0, 2, 192.39, 302957, 12
2132, 12, 0, 5, 1, 0, 0.00%, 0, 0, 2, 193.99, 303968, 12
2138, 12, 0, 5, 1, 0, 0.00%, 0, 0, 2, 195.24, 304973, 12
2143, 12, 0, 5, 1, 0, 0.00%, 0, 0, 2, 195.24, 305983, 12
2148, 12, 0, 5, 1, 0, 0.00%, 0, 0, 2, 194.80, 306985, 12
2153, 12, 0, 5, 1, 0, 0.00%, 0, 0, 2, 193.09, 307984, 12
2158, 12, 0, 5, 1, 0, 0.00%, 0, 0, 2, 197.17, 309018, 12
2163, 12, 0, 5, 1, 0, 0.00%, 0, 0, 2, 199.75, 310056, 12
2169, 12, 0, 5, 1, 0, 0.00%, 0, 0, 2, 201.32, 311078, 12
2174, 12, 0, 5, 1, 0, 0.00%, 0, 0, 2, 202.02, 312126, 12
2179, 12, 0, 5, 1, 0, 0.00%, 0, 0, 2, 204.52, 313146, 12
2184, 12, 0, 5, 1, 0, 0.00%, 0, 0, 2, 203.95, 314194, 12
2189, 12, 0, 5, 1, 0, 0.00%, 0, 0, 2, 202.84, 315238, 12
2194, 12, 0, 5, 1, 0, 0.00%, 0, 0, 2, 202.60, 316246, 12
2199, 12, 0, 5, 1, 0, 0.00%, 0, 0, 2, 202.68, 317298, 12
2204, 12, 0, 5, 1, 0, 0.00%, 0, 0, 2, 201.05, 318338, 12
2210, 12, 0, 5, 1, 0, 0.00%, 0, 0, 2, 201.10, 319394, 12
2215, 12, 0, 5, 1, 0, 0.00%, 0, 0, 2, 202.62, 320418, 12
2220, 12, 0, 5, 1, 0, 0.00%, 0, 0, 2, 202.30, 321430, 12
2225, 12, 0, 5, 1, 0, 0.00%, 0, 0, 2, 196.17, 322416, 12
2230, 13, 0, 5, 1, 0, 0.00%, 0, 0, 2, 193.36, 323423, 12
2235, 13, 0, 5, 1, 0, 0.00%, 0, 0, 2, 192.34, 324413, 12
2240, 13, 0, 5, 1, 0, 0.00%, 0, 0, 2, 196.17, 325418, 12
2245, 13, 0, 5, 1, 0, 0.00%, 0, 0, 2, 181.21, 326363, 12
2251, 13, 0, 5, 1, 0, 0.00%, 0, 0, 2, 185.27, 327313, 12
2256, 13, 0, 5, 1, 0, 0.00%, 0, 0, 2, 188.66, 328264, 12
2261, 13, 0, 5, 1, 0, 0.00%, 0, 0, 2, 189.08, 329248, 12
2266, 13, 0, 5, 1, 0, 0.00%, 0, 0, 2, 190.45, 330241, 12
2271, 13, 0, 5, 1, 0, 0.00%, 0, 0, 2, 190.82, 331203, 12
2276, 13, 0, 5, 1, 0, 0.00%, 0, 0, 2, 191.43, 332199, 12
2281, 13, 0, 5, 1, 0, 0.00%, 0, 0, 2, 193.57, 333198, 12
2286, 13, 0, 5, 1, 0, 0.00%, 0, 0, 2, 191.65, 334190, 12
2292, 13, 0, 5, 1, 0, 0.00%, 0, 0, 2, 193.55, 335183, 12
2297, 13, 0, 5, 1, 0, 0.00%, 0, 0, 2, 192.31, 336176, 12
2302, 13, 0, 5, 1, 0, 0.00%, 0, 0, 2, 195.53, 337187, 12
2307, 13, 0, 5, 1, 0, 0.00%, 0, 0, 2, 193.07, 338185, 12
2312, 13, 0, 5, 1, 0, 0.00%, 0, 0, 2, 190.74, 339139, 12
2317, 13, 0, 5, 1, 0, 0.00%, 0, 0, 2, 195.78, 340147, 12
2322, 13, 0, 5, 1, 0, 0.00%, 0, 0, 2, 197.84, 341158, 12
2327, 13, 0, 5, 1, 0, 0.00%, 0, 0, 2, 197.28, 342162, 12
2333, 13, 0, 5, 1, 0, 0.00%, 0, 0, 2, 197.48, 343167, 12
2338, 13, 0, 5, 1, 0, 0.00%, 0, 0, 2, 197.80, 344172, 12
2343, 13, 0, 5, 1, 0, 0.00%, 0, 0, 2, 192.65, 345128, 12
2348, 13, 0, 5, 1, 0, 0.00%, 0, 0, 2, 197.31, 346133, 12
2353, 13, 0, 5, 1, 0, 0.00%, 0, 0, 2, 195.37, 347132, 12
2358, 13, 0, 5, 1, 0, 0.00%, 0, 0, 2, 195.87, 348137, 12
2363, 14, 0, 5, 1, 0, 0.00%, 0, 0, 2, 194.02, 349132, 12
2368, 14, 0, 5, 1, 0, 0.00%, 0, 0, 2, 188.69, 350083, 12
2373, 14, 0, 5, 1, 0, 0.00%, 0, 0, 2, 192.20, 351082, 12
2378, 14, 0, 5, 1, 0, 0.00%, 0, 0, 2, 195.81, 352090, 12
2383, 14, 0, 5, 1, 0, 0.00%, 0, 0, 2, 189.27, 353034, 12
2389, 14, 0, 5, 1, 0, 0.00%, 0, 0, 2, 191.55, 354033, 12
2394, 14, 0, 5, 1, 0, 0.00%, 0, 0, 2, 193.47, 355023, 12
2399, 14, 0, 5, 1, 0, 0.00%, 0, 0, 2, 196.78, 356027, 12
2404, 14, 0, 5, 1, 0, 0.00%, 0, 0, 2, 197.20, 357032, 12
2409, 14, 0, 5, 1, 0, 0.00%, 0, 0, 2, 197.99, 358040, 12
2414, 14, 0, 5, 1, 0, 0.00%, 0, 0, 2, 195.89, 359042, 12
2419, 14, 0, 5, 1, 0, 0.00%, 0, 0, 2, 196.00, 360043, 12
2424, 14, 0, 5, 1, 0, 0.00%, 0, 0, 2, 195.18, 361051, 12
2430, 14, 0, 5, 1, 0, 0.00%, 0, 0, 2, 196.34, 362056, 12
2435, 14, 0, 5, 1, 0, 0.00%, 0, 0, 2, 197.25, 363064, 12
2440, 14, 0, 5, 1, 0, 0.00%, 0, 0, 2, 198.60, 364080, 12
2445, 14, 0, 5, 1, 0, 0.00%, 0, 0, 2, 197.26, 365088, 12
2450, 14, 0, 5, 1, 0, 0.00%, 0, 0, 2, 197.95, 366099, 12
2455, 14, 0, 5, 1, 0, 0.00%, 0, 0, 2, 197.75, 367106, 12
2460, 14, 0, 5, 1, 0, 0.00%, 0, 0, 2, 198.49, 368114, 12
2465, 14, 0, 5, 1, 0, 0.00%, 0, 0, 2, 197.30, 369113, 12
2470, 14, 0, 5, 1, 0, 0.00%, 0, 0, 2, 196.07, 370121, 12
2476, 14, 0, 5, 1, 0, 0.00%, 0, 0, 2, 195.92, 371134, 12
2481, 14, 0, 5, 1, 0, 0.00%, 0, 0, 2, 198.08, 372157, 12
2486, 14, 0, 5, 1, 0, 0.00%, 0, 0, 2, 195.58, 373150, 12
2491, 15, 0, 5, 1, 0, 0.00%, 0, 0, 2, 197.07, 374166, 12
2496, 15, 0, 5, 1, 0, 0.00%, 0, 0, 2, 197.99, 375180, 12
2501, 15, 0, 5, 1, 0, 0.00%, 0, 0, 2, 199.39, 376203, 12
2506, 15, 0, 5, 1, 0, 0.00%, 0, 0, 2, 197.20, 377205, 12
2511, 15, 0, 5, 1, 0, 0.00%, 0, 0, 2, 199.51, 378224, 12
2517, 15, 0, 5, 1, 0, 0.00%, 0, 0, 2, 197.03, 379232, 12
2522, 15, 0, 5, 1, 0, 0.00%, 0, 0, 2, 195.08, 380237, 12
2527, 15, 0, 5, 1, 0, 0.00%, 0, 0, 2, 195.21, 381242, 12
2532, 15, 0, 5, 1, 0, 0.00%, 0, 0, 2, 197.98, 382264, 12
2537, 15, 0, 5, 1, 0, 0.00%, 0, 0, 2, 197.16, 383272, 12
2542, 15, 0, 5, 1, 0, 0.00%, 0, 0, 2, 197.52, 384283, 12
2547, 15, 0, 5, 1, 0, 0.00%, 0, 0, 2, 197.51, 385290, 12
2552, 15, 0, 5, 1, 0, 0.00%, 0, 0, 2, 197.50, 386295, 12
2557, 15, 0, 5, 1, 0, 0.00%, 0, 0, 2, 196.37, 387303, 12
2563, 15, 0, 5, 1, 0, 0.00%, 0, 0, 2, 196.18, 388299, 12
2568, 15, 0, 5, 1, 0, 0.00%, 0, 0, 2, 197.32, 389306, 12
2573, 15, 0, 5, 1, 0, 0.00%, 0, 0, 2, 197.11, 390299, 12
2578, 15, 0, 5, 1, 0, 0.00%, 0, 0, 2, 196.52, 391304, 12
2583, 15, 0, 5, 1, 0, 0.00%, 0, 0, 2, 194.62, 392305, 12
2588, 15, 0, 5, 1, 0, 0.00%, 0, 0, 2, 197.23, 393322, 12
2593, 15, 0, 5, 1, 0, 0.00%, 0, 0, 2, 197.29, 394327, 12
2598, 15, 0, 5, 1, 0, 0.00%, 0, 0, 2, 197.08, 395329, 12
2603, 15, 0, 5, 1, 0, 0.00%, 0, 0, 2, 198.06, 396342, 12
2609, 15, 0, 5, 1, 0, 0.00%, 0, 0, 2, 197.50, 397347, 12
2614, 15, 0, 5, 1, 0, 0.00%, 0, 0, 2, 196.36, 398355, 12
2619, 15, 0, 5, 1, 0, 0.00%, 0, 0, 2, 197.80, 399357, 12
2624, 16, 0, 5, 1, 0, 0.00%, 0, 0, 2, 198.69, 400373, 12
2629, 16, 0, 5, 1, 0, 0.00%, 0, 0, 2, 199.20, 401378, 12
2634, 16, 0, 5, 1, 0, 0.00%, 0, 0, 2, 195.09, 402380, 12
2639, 16, 0, 5, 1, 0, 0.00%, 0, 0, 2, 196.58, 403384, 12
2644, 16, 0, 5, 1, 0, 0.00%, 0, 0, 2, 195.73, 404392, 12
2650, 16, 0, 5, 1, 0, 0.00%, 0, 0, 2, 196.90, 405400, 12
2655, 16, 0, 5, 1, 0, 0.00%, 0, 0, 2, 193.55, 406399, 12
2660, 16, 0, 5, 1, 0, 0.00%, 0, 0, 2, 191.10, 407388, 12
2665, 16, 0, 5, 1, 0, 0.00%, 0, 0, 2, 196.17, 408396, 12
2670, 16, 0, 5, 1, 0, 0.00%, 0, 0, 2, 197.84, 409407, 12
2675, 16, 0, 5, 1, 0, 0.00%, 0, 0, 2, 197.83, 410409, 12
2680, 16, 0, 5, 1, 0, 0.00%, 0, 0, 2, 197.02, 411413, 12
2686, 16, 0, 5, 1, 0, 0.00%, 0, 0, 2, 191.12, 412409, 12
2691, 16, 0, 5, 1, 0, 0.00%, 0, 0, 2, 196.19, 413423, 12
2696, 16, 0, 5, 1, 0, 0.00%, 0, 0, 2, 197.27, 414454, 12
2701, 16, 0, 5, 1, 0, 0.00%, 0, 0, 2, 200.05, 415498, 12
2705, 16, 0, 5, 1, 0, 0.00%, 0, 0, 2, 154.91, 416069, 12
